;song_filename;song_fullfilename;bird_filename;categories;min_t;max_t;song_len;distance
0;MNHN-SO-2016-9313_full_0s_11_norm.wav;../Evascape_soundfiles/bird_channel/perate/MNHN-SO-2016-9313_full/MNHN-SO-2016-9313_full_0s_11_norm.wav;MNHN-SO-2016-9313_full.wav;perate;0.34;2.62;2.282666666666671;29.0
1;MNHN-SO-2016-9346_full_0s_04_norm.wav;../Evascape_soundfiles/bird_channel/perate/MNHN-SO-2016-9346_full/MNHN-SO-2016-9346_full_0s_04_norm.wav;MNHN-SO-2016-9346_full.wav;perate;0.17;2.2;2.026666666666668;52.0
2;MNHN-SO-2016-9349_extr_0s_00_norm.wav;../Evascape_soundfiles/bird_channel/perate/MNHN-SO-2016-9349_extr/MNHN-SO-2016-9349_extr_0s_00_norm.wav;MNHN-SO-2016-9349_extr.wav;perate;3.02;5.12;2.101333333333333;48.0
3;MNHN-SO-2016-9318_full_0s_00_norm.wav;../Evascape_soundfiles/bird_channel/perate/MNHN-SO-2016-9318_full/MNHN-SO-2016-9318_full_0s_00_norm.wav;MNHN-SO-2016-9318_full.wav;perate;4.51;5.86;1.354666666666667;18.0
4;MNHN-SO-2016-11232_full_0s_05_norm.wav;../Evascape_soundfiles/bird_channel/regreg/MNHN-SO-2016-11232_full/MNHN-SO-2016-11232_full_0s_05_norm.wav;MNHN-SO-2016-11232_full.wav;regreg;2.58;4.15;1.5679999999999996;25.0
5;MNHN-SO-2016-11237_extr_0s_06_norm.wav;../Evascape_soundfiles/bird_channel/regreg/MNHN-SO-2016-11237_extr/MNHN-SO-2016-11237_extr_0s_06_norm.wav;MNHN-SO-2016-11237_extr.wav;regreg;5.56;7.53;1.9733333333333327;77.0
6;MNHN-SO-2016-11215_extr_ext_0s_05_norm.wav;../Evascape_soundfiles/bird_channel/regreg/MNHN-SO-2016-11215_extr_ext/MNHN-SO-2016-11215_extr_ext_0s_05_norm.wav;MNHN-SO-2016-11215_extr_ext.wav;regreg;4.74;8.48;3.744;56.0
7;MNHN-SO-2016-11214_full_0s_00_norm.wav;../Evascape_soundfiles/bird_channel/regreg/MNHN-SO-2016-11214_full/MNHN-SO-2016-11214_full_0s_00_norm.wav;MNHN-SO-2016-11214_full.wav;regreg;4.12;7.42;3.296;41.0
8;MNHN-SO-2016-13892_extr_0s_03_norm.wav;../Evascape_soundfiles/bird_channel/turphi/MNHN-SO-2016-13892_extr/MNHN-SO-2016-13892_extr_0s_03_norm.wav;MNHN-SO-2016-13892_extr.wav;turphi;2.48;7.09;4.607999999999997;17.0
9;MNHN-SO-2020-273_extr1_0s_00_norm.wav;../Evascape_soundfiles/bird_channel/turphi/MNHN-SO-2020-273_extr1/MNHN-SO-2020-273_extr1_0s_00_norm.wav;MNHN-SO-2020-273_extr1.wav;turphi;3.2;5.03;1.8346666666666671;64.0
10;MNHN-SO-2020-271_extr_0s_03_norm.wav;../Evascape_soundfiles/bird_channel/turphi/MNHN-SO-2020-271_extr/MNHN-SO-2020-271_extr_0s_03_norm.wav;MNHN-SO-2020-271_extr.wav;turphi;0.73;2.12;1.3866666666666667;30.0
11;MNHN-SO-2016-13891_extr_0s_07_norm.wav;../Evascape_soundfiles/bird_channel/turphi/MNHN-SO-2016-13891_extr/MNHN-SO-2016-13891_extr_0s_07_norm.wav;MNHN-SO-2016-13891_extr.wav;turphi;5.39;6.24;0.8533333333333335;65.0
12;MNHN-SO-2020-271_extr_0s_05_norm.wav;../Evascape_soundfiles/bird_channel/turphi/MNHN-SO-2020-271_extr/MNHN-SO-2020-271_extr_0s_05_norm.wav;MNHN-SO-2020-271_extr.wav;turphi;3.69;4.69;0.9920000000000044;30.0
13;MNHN-SO-2016-9346_full_0s_07_norm.wav;../Evascape_soundfiles/bird_channel/perate/MNHN-SO-2016-9346_full/MNHN-SO-2016-9346_full_0s_07_norm.wav;MNHN-SO-2016-9346_full.wav;perate;6.08;7.3;1.226666666666667;52.0
14;MNHN-SO-2016-9313_full_0s_12_norm.wav;../Evascape_soundfiles/bird_channel/perate/MNHN-SO-2016-9313_full/MNHN-SO-2016-9313_full_0s_12_norm.wav;MNHN-SO-2016-9313_full.wav;perate;5.52;7.0;1.4826666666666668;29.0
15;MNHN-SO-2020-271_extr_0s_00_norm.wav;../Evascape_soundfiles/bird_channel/turphi/MNHN-SO-2020-271_extr/MNHN-SO-2020-271_extr_0s_00_norm.wav;MNHN-SO-2020-271_extr.wav;turphi;7.16;20.6;13.44;30.0
16;MNHN-SO-2020-273_extr1_0s_02_norm.wav;../Evascape_soundfiles/bird_channel/turphi/MNHN-SO-2020-273_extr1/MNHN-SO-2020-273_extr1_0s_02_norm.wav;MNHN-SO-2020-273_extr1.wav;turphi;6.47;9.15;2.6880000000000024;64.0
17;MNHN-SO-2016-9349_extr_0s_09_norm.wav;../Evascape_soundfiles/bird_channel/perate/MNHN-SO-2016-9349_extr/MNHN-SO-2016-9349_extr_0s_09_norm.wav;MNHN-SO-2016-9349_extr.wav;perate;8.23;9.51;1.2800000000000011;48.0
18;MNHN-SO-2016-9318_full_0s_01_norm.wav;../Evascape_soundfiles/bird_channel/perate/MNHN-SO-2016-9318_full/MNHN-SO-2016-9318_full_0s_01_norm.wav;MNHN-SO-2016-9318_full.wav;perate;8.03;9.29;1.2693333333333356;18.0
19;MNHN-SO-2016-11232_full_0s_07_norm.wav;../Evascape_soundfiles/bird_channel/regreg/MNHN-SO-2016-11232_full/MNHN-SO-2016-11232_full_0s_07_norm.wav;MNHN-SO-2016-11232_full.wav;regreg;7.99;9.15;1.152000000000001;25.0
20;MNHN-SO-2016-13891_extr_0s_02_norm.wav;../Evascape_soundfiles/bird_channel/turphi/MNHN-SO-2016-13891_extr/MNHN-SO-2016-13891_extr_0s_02_norm.wav;MNHN-SO-2016-13891_extr.wav;turphi;10.18;11.26;1.0879999999999992;65.0
21;MNHN-SO-2016-9313_full_0s_05_norm.wav;../Evascape_soundfiles/bird_channel/perate/MNHN-SO-2016-9313_full/MNHN-SO-2016-9313_full_0s_05_norm.wav;MNHN-SO-2016-9313_full.wav;perate;9.41;12.43;3.018666666666668;29.0
22;MNHN-SO-2016-13892_extr_0s_06_norm.wav;../Evascape_soundfiles/bird_channel/turphi/MNHN-SO-2016-13892_extr/MNHN-SO-2016-13892_extr_0s_06_norm.wav;MNHN-SO-2016-13892_extr.wav;turphi;7.81;13.91;6.090666666666664;17.0
23;MNHN-SO-2016-9346_full_0s_00_norm.wav;../Evascape_soundfiles/bird_channel/perate/MNHN-SO-2016-9346_full/MNHN-SO-2016-9346_full_0s_00_norm.wav;MNHN-SO-2016-9346_full.wav;perate;10.03;12.13;2.090666666666664;52.0
24;MNHN-SO-2020-273_extr1_0s_03_norm.wav;../Evascape_soundfiles/bird_channel/turphi/MNHN-SO-2020-273_extr1/MNHN-SO-2020-273_extr1_0s_03_norm.wav;MNHN-SO-2020-273_extr1.wav;turphi;11.85;13.81;1.9626666666666708;64.0
25;MNHN-SO-2016-9318_full_0s_08_norm.wav;../Evascape_soundfiles/bird_channel/perate/MNHN-SO-2016-9318_full/MNHN-SO-2016-9318_full_0s_08_norm.wav;MNHN-SO-2016-9318_full.wav;perate;14.64;16.32;1.674666666666667;18.0
26;MNHN-SO-2016-11214_full_0s_04_norm.wav;../Evascape_soundfiles/bird_channel/regreg/MNHN-SO-2016-11214_full/MNHN-SO-2016-11214_full_0s_04_norm.wav;MNHN-SO-2016-11214_full.wav;regreg;9.1;13.06;3.968;41.0
27;MNHN-SO-2016-11237_extr_0s_07_norm.wav;../Evascape_soundfiles/bird_channel/regreg/MNHN-SO-2016-11237_extr/MNHN-SO-2016-11237_extr_0s_07_norm.wav;MNHN-SO-2016-11237_extr.wav;regreg;12.07;13.59;1.525333333333334;77.0
28;MNHN-SO-2016-9349_extr_0s_08_norm.wav;../Evascape_soundfiles/bird_channel/perate/MNHN-SO-2016-9349_extr/MNHN-SO-2016-9349_extr_0s_08_norm.wav;MNHN-SO-2016-9349_extr.wav;perate;13.03;14.37;1.3440000000000012;48.0
29;MNHN-SO-2016-11215_extr_ext_0s_07_norm.wav;../Evascape_soundfiles/bird_channel/regreg/MNHN-SO-2016-11215_extr_ext/MNHN-SO-2016-11215_extr_ext_0s_07_norm.wav;MNHN-SO-2016-11215_extr_ext.wav;regreg;12.25;15.15;2.901333333333333;56.0
30;MNHN-SO-2016-11232_full_0s_06_norm.wav;../Evascape_soundfiles/bird_channel/regreg/MNHN-SO-2016-11232_full/MNHN-SO-2016-11232_full_0s_06_norm.wav;MNHN-SO-2016-11232_full.wav;regreg;13.48;14.52;1.0346666666666664;25.0
31;MNHN-SO-2016-13891_extr_0s_09_norm.wav;../Evascape_soundfiles/bird_channel/turphi/MNHN-SO-2016-13891_extr/MNHN-SO-2016-13891_extr_0s_09_norm.wav;MNHN-SO-2016-13891_extr.wav;turphi;13.69;17.07;3.370666666666665;65.0
32;MNHN-SO-2016-9346_full_0s_02_norm.wav;../Evascape_soundfiles/bird_channel/perate/MNHN-SO-2016-9346_full/MNHN-SO-2016-9346_full_0s_02_norm.wav;MNHN-SO-2016-9346_full.wav;perate;15.01;16.87;1.8666666666666671;52.0
33;MNHN-SO-2016-9313_full_0s_06_norm.wav;../Evascape_soundfiles/bird_channel/perate/MNHN-SO-2016-9313_full/MNHN-SO-2016-9313_full_0s_06_norm.wav;MNHN-SO-2016-9313_full.wav;perate;14.89;16.12;1.2266666666666666;29.0
34;MNHN-SO-2020-273_extr1_0s_01_norm.wav;../Evascape_soundfiles/bird_channel/turphi/MNHN-SO-2020-273_extr1/MNHN-SO-2020-273_extr1_0s_01_norm.wav;MNHN-SO-2020-273_extr1.wav;turphi;17.94;19.34;1.397333333333333;64.0
35;MNHN-SO-2016-13892_extr_0s_01_norm.wav;../Evascape_soundfiles/bird_channel/turphi/MNHN-SO-2016-13892_extr/MNHN-SO-2016-13892_extr_0s_01_norm.wav;MNHN-SO-2016-13892_extr.wav;turphi;16.18;19.6;3.4239999999999995;17.0
36;MNHN-SO-2016-9349_extr_0s_06_norm.wav;../Evascape_soundfiles/bird_channel/perate/MNHN-SO-2016-9349_extr/MNHN-SO-2016-9349_extr_0s_06_norm.wav;MNHN-SO-2016-9349_extr.wav;perate;17.66;19.22;1.5573333333333323;48.0
37;MNHN-SO-2016-11214_full_0s_05_norm.wav;../Evascape_soundfiles/bird_channel/regreg/MNHN-SO-2016-11214_full/MNHN-SO-2016-11214_full_0s_05_norm.wav;MNHN-SO-2016-11214_full.wav;regreg;17.81;21.46;3.6480000000000032;41.0
38;MNHN-SO-2016-11237_extr_0s_00_norm.wav;../Evascape_soundfiles/bird_channel/regreg/MNHN-SO-2016-11237_extr/MNHN-SO-2016-11237_extr_0s_00_norm.wav;MNHN-SO-2016-11237_extr.wav;regreg;17.54;19.74;2.1973333333333347;77.0
39;MNHN-SO-2016-9313_full_0s_03_norm.wav;../Evascape_soundfiles/bird_channel/perate/MNHN-SO-2016-9313_full/MNHN-SO-2016-9313_full_0s_03_norm.wav;MNHN-SO-2016-9313_full.wav;perate;29.93;31.01;1.077333333333332;29.0
40;MNHN-SO-2016-9318_full_0s_11_norm.wav;../Evascape_soundfiles/bird_channel/perate/MNHN-SO-2016-9318_full/MNHN-SO-2016-9318_full_0s_11_norm.wav;MNHN-SO-2016-9318_full.wav;perate;20.35;21.99;1.631999999999998;18.0
41;MNHN-SO-2016-11232_full_0s_02_norm.wav;../Evascape_soundfiles/bird_channel/regreg/MNHN-SO-2016-11232_full/MNHN-SO-2016-11232_full_0s_02_norm.wav;MNHN-SO-2016-11232_full.wav;regreg;16.94;18.92;1.9839999999999984;25.0
42;MNHN-SO-2016-9346_full_0s_05_norm.wav;../Evascape_soundfiles/bird_channel/perate/MNHN-SO-2016-9346_full/MNHN-SO-2016-9346_full_0s_05_norm.wav;MNHN-SO-2016-9346_full.wav;perate;19.68;21.9;2.218666666666664;52.0
43;MNHN-SO-2016-13891_extr_0s_05_norm.wav;../Evascape_soundfiles/bird_channel/turphi/MNHN-SO-2016-13891_extr/MNHN-SO-2016-13891_extr_0s_05_norm.wav;MNHN-SO-2016-13891_extr.wav;turphi;19.21;22.61;3.392000000000003;65.0
44;MNHN-SO-2016-11215_extr_ext_0s_02_norm.wav;../Evascape_soundfiles/bird_channel/regreg/MNHN-SO-2016-11215_extr_ext/MNHN-SO-2016-11215_extr_ext_0s_02_norm.wav;MNHN-SO-2016-11215_extr_ext.wav;regreg;18.92;21.73;2.805333333333333;56.0
45;MNHN-SO-2016-9349_extr_0s_01_norm.wav;../Evascape_soundfiles/bird_channel/perate/MNHN-SO-2016-9349_extr/MNHN-SO-2016-9349_extr_0s_01_norm.wav;MNHN-SO-2016-9349_extr.wav;perate;22.02;24.92;2.901333333333333;48.0
46;MNHN-SO-2020-273_extr1_0s_04_norm.wav;../Evascape_soundfiles/bird_channel/turphi/MNHN-SO-2020-273_extr1/MNHN-SO-2020-273_extr1_0s_04_norm.wav;MNHN-SO-2020-273_extr1.wav;turphi;23.56;24.8;1.237333333333332;64.0
47;MNHN-SO-2016-13892_extr_0s_05_norm.wav;../Evascape_soundfiles/bird_channel/turphi/MNHN-SO-2016-13892_extr/MNHN-SO-2016-13892_extr_0s_05_norm.wav;MNHN-SO-2016-13892_extr.wav;turphi;21.9;25.22;3.317333333333337;17.0
48;MNHN-SO-2020-271_extr_0s_09_norm.wav;../Evascape_soundfiles/bird_channel/turphi/MNHN-SO-2020-271_extr/MNHN-SO-2020-271_extr_0s_09_norm.wav;MNHN-SO-2020-271_extr.wav;turphi;25.34;26.8;1.4613333333333358;30.0
49;MNHN-SO-2016-11232_full_0s_08_norm.wav;../Evascape_soundfiles/bird_channel/regreg/MNHN-SO-2016-11232_full/MNHN-SO-2016-11232_full_0s_08_norm.wav;MNHN-SO-2016-11232_full.wav;regreg;22.72;23.9;1.1839999999999975;25.0
50;MNHN-SO-2016-11237_extr_0s_04_norm.wav;../Evascape_soundfiles/bird_channel/regreg/MNHN-SO-2016-11237_extr/MNHN-SO-2016-11237_extr_0s_04_norm.wav;MNHN-SO-2016-11237_extr.wav;regreg;23.0;25.36;2.3679999999999986;77.0
51;MNHN-SO-2016-9346_full_0s_06_norm.wav;../Evascape_soundfiles/bird_channel/perate/MNHN-SO-2016-9346_full/MNHN-SO-2016-9346_full_0s_06_norm.wav;MNHN-SO-2016-9346_full.wav;perate;25.83;27.15;1.3226666666666669;52.0
52;MNHN-SO-2016-9318_full_0s_13_norm.wav;../Evascape_soundfiles/bird_channel/perate/MNHN-SO-2016-9318_full/MNHN-SO-2016-9318_full_0s_13_norm.wav;MNHN-SO-2016-9318_full.wav;perate;25.98;27.6;1.6213333333333324;18.0
53;MNHN-SO-2016-13891_extr_0s_00_norm.wav;../Evascape_soundfiles/bird_channel/turphi/MNHN-SO-2016-13891_extr/MNHN-SO-2016-13891_extr_0s_00_norm.wav;MNHN-SO-2016-13891_extr.wav;turphi;25.15;27.59;2.4319999999999995;65.0
54;MNHN-SO-2016-11214_full_0s_03_norm.wav;../Evascape_soundfiles/bird_channel/regreg/MNHN-SO-2016-11214_full/MNHN-SO-2016-11214_full_0s_03_norm.wav;MNHN-SO-2016-11214_full.wav;regreg;24.6;28.38;3.786666666666669;41.0
55;MNHN-SO-2016-11215_extr_ext_0s_00_norm.wav;../Evascape_soundfiles/bird_channel/regreg/MNHN-SO-2016-11215_extr_ext/MNHN-SO-2016-11215_extr_ext_0s_00_norm.wav;MNHN-SO-2016-11215_extr_ext.wav;regreg;27.29;30.15;2.869333333333337;56.0
56;MNHN-SO-2020-273_extr1_0s_06_norm.wav;../Evascape_soundfiles/bird_channel/turphi/MNHN-SO-2020-273_extr1/MNHN-SO-2020-273_extr1_0s_06_norm.wav;MNHN-SO-2020-273_extr1.wav;turphi;28.25;30.07;1.8240000000000005;64.0
57;MNHN-SO-2016-9349_extr_0s_04_norm.wav;../Evascape_soundfiles/bird_channel/perate/MNHN-SO-2016-9349_extr/MNHN-SO-2016-9349_extr_0s_04_norm.wav;MNHN-SO-2016-9349_extr.wav;perate;27.13;30.31;3.1786666666666683;48.0
58;MNHN-SO-2016-13892_extr_0s_02_norm.wav;../Evascape_soundfiles/bird_channel/turphi/MNHN-SO-2016-13892_extr/MNHN-SO-2016-13892_extr_0s_02_norm.wav;MNHN-SO-2016-13892_extr.wav;turphi;28.64;29.7;1.0666666666666664;17.0
59;MNHN-SO-2016-11232_full_0s_01_norm.wav;../Evascape_soundfiles/bird_channel/regreg/MNHN-SO-2016-11232_full/MNHN-SO-2016-11232_full_0s_01_norm.wav;MNHN-SO-2016-11232_full.wav;regreg;26.32;29.04;2.719999999999999;25.0
60;MNHN-SO-2020-271_extr_0s_02_norm.wav;../Evascape_soundfiles/bird_channel/turphi/MNHN-SO-2020-271_extr/MNHN-SO-2020-271_extr_0s_02_norm.wav;MNHN-SO-2020-271_extr.wav;turphi;29.82;46.12;16.29866666666667;30.0
61;MNHN-SO-2016-9346_full_0s_03_norm.wav;../Evascape_soundfiles/bird_channel/perate/MNHN-SO-2016-9346_full/MNHN-SO-2016-9346_full_0s_03_norm.wav;MNHN-SO-2016-9346_full.wav;perate;30.73;33.03;2.303999999999995;52.0
62;MNHN-SO-2016-11237_extr_0s_01_norm.wav;../Evascape_soundfiles/bird_channel/regreg/MNHN-SO-2016-11237_extr/MNHN-SO-2016-11237_extr_0s_01_norm.wav;MNHN-SO-2016-11237_extr.wav;regreg;27.56;30.76;3.2;77.0
63;MNHN-SO-2016-13891_extr_0s_01_norm.wav;../Evascape_soundfiles/bird_channel/turphi/MNHN-SO-2016-13891_extr/MNHN-SO-2016-13891_extr_0s_01_norm.wav;MNHN-SO-2016-13891_extr.wav;turphi;29.91;33.37;3.466666666666669;65.0
64;MNHN-SO-2016-9318_full_0s_12_norm.wav;../Evascape_soundfiles/bird_channel/perate/MNHN-SO-2016-9318_full/MNHN-SO-2016-9318_full_0s_12_norm.wav;MNHN-SO-2016-9318_full.wav;perate;30.43;32.11;1.674666666666667;18.0
65;MNHN-SO-2016-13892_extr_0s_09_norm.wav;../Evascape_soundfiles/bird_channel/turphi/MNHN-SO-2016-13892_extr/MNHN-SO-2016-13892_extr_0s_09_norm.wav;MNHN-SO-2016-13892_extr.wav;turphi;32.42;34.94;2.5279999999999987;17.0
66;MNHN-SO-2020-273_extr1_0s_07_norm.wav;../Evascape_soundfiles/bird_channel/turphi/MNHN-SO-2020-273_extr1/MNHN-SO-2020-273_extr1_0s_07_norm.wav;MNHN-SO-2020-273_extr1.wav;turphi;33.16;36.72;3.562666666666665;64.0
67;MNHN-SO-2016-11214_full_0s_07_norm.wav;../Evascape_soundfiles/bird_channel/regreg/MNHN-SO-2016-11214_full/MNHN-SO-2016-11214_full_0s_07_norm.wav;MNHN-SO-2016-11214_full.wav;regreg;31.61;32.15;0.5333333333333314;41.0
68;MNHN-SO-2016-9349_extr_0s_12_norm.wav;../Evascape_soundfiles/bird_channel/perate/MNHN-SO-2016-9349_extr/MNHN-SO-2016-9349_extr_0s_12_norm.wav;MNHN-SO-2016-9349_extr.wav;perate;33.93;35.27;1.344;48.0
69;MNHN-SO-2016-11232_full_0s_03_norm.wav;../Evascape_soundfiles/bird_channel/regreg/MNHN-SO-2016-11232_full/MNHN-SO-2016-11232_full_0s_03_norm.wav;MNHN-SO-2016-11232_full.wav;regreg;31.45;33.71;2.261333333333333;25.0
70;MNHN-SO-2016-9313_full_0s_09_norm.wav;../Evascape_soundfiles/bird_channel/perate/MNHN-SO-2016-9313_full/MNHN-SO-2016-9313_full_0s_09_norm.wav;MNHN-SO-2016-9313_full.wav;perate;34.16;34.91;0.7466666666666661;29.0
71;MNHN-SO-2016-11215_extr_ext_0s_03_norm.wav;../Evascape_soundfiles/bird_channel/regreg/MNHN-SO-2016-11215_extr_ext/MNHN-SO-2016-11215_extr_ext_0s_03_norm.wav;MNHN-SO-2016-11215_extr_ext.wav;regreg;32.93;36.27;3.349333333333334;56.0
72;MNHN-SO-2016-9318_full_0s_03_norm.wav;../Evascape_soundfiles/bird_channel/perate/MNHN-SO-2016-9318_full/MNHN-SO-2016-9318_full_0s_03_norm.wav;MNHN-SO-2016-9318_full.wav;perate;35.66;37.36;1.695999999999998;18.0
73;MNHN-SO-2016-11237_extr_0s_09_norm.wav;../Evascape_soundfiles/bird_channel/regreg/MNHN-SO-2016-11237_extr/MNHN-SO-2016-11237_extr_0s_09_norm.wav;MNHN-SO-2016-11237_extr.wav;regreg;34.37;35.51;1.13066666666667;77.0
74;MNHN-SO-2016-9346_full_0s_01_norm.wav;../Evascape_soundfiles/bird_channel/perate/MNHN-SO-2016-9346_full/MNHN-SO-2016-9346_full_0s_01_norm.wav;MNHN-SO-2016-9346_full.wav;perate;35.8;37.88;2.0799999999999983;52.0
75;MNHN-SO-2016-13891_extr_0s_08_norm.wav;../Evascape_soundfiles/bird_channel/turphi/MNHN-SO-2016-13891_extr/MNHN-SO-2016-13891_extr_0s_08_norm.wav;MNHN-SO-2016-13891_extr.wav;turphi;37.16;39.42;2.2506666666666675;65.0
76;MNHN-SO-2016-11214_full_0s_06_norm.wav;../Evascape_soundfiles/bird_channel/regreg/MNHN-SO-2016-11214_full/MNHN-SO-2016-11214_full_0s_06_norm.wav;MNHN-SO-2016-11214_full.wav;regreg;35.31;38.37;3.061333333333337;41.0
77;MNHN-SO-2016-9313_full_0s_01_norm.wav;../Evascape_soundfiles/bird_channel/perate/MNHN-SO-2016-9313_full/MNHN-SO-2016-9313_full_0s_01_norm.wav;MNHN-SO-2016-9313_full.wav;perate;37.83;40.55;2.720000000000006;29.0
78;MNHN-SO-2016-13892_extr_0s_07_norm.wav;../Evascape_soundfiles/bird_channel/turphi/MNHN-SO-2016-13892_extr/MNHN-SO-2016-13892_extr_0s_07_norm.wav;MNHN-SO-2016-13892_extr.wav;turphi;38.51;39.35;0.8426666666666669;17.0
79;MNHN-SO-2016-9349_extr_0s_07_norm.wav;../Evascape_soundfiles/bird_channel/perate/MNHN-SO-2016-9349_extr/MNHN-SO-2016-9349_extr_0s_07_norm.wav;MNHN-SO-2016-9349_extr.wav;perate;38.42;40.48;2.069333333333333;48.0
80;MNHN-SO-2016-11232_full_0s_04_norm.wav;../Evascape_soundfiles/bird_channel/regreg/MNHN-SO-2016-11232_full/MNHN-SO-2016-11232_full_0s_04_norm.wav;MNHN-SO-2016-11232_full.wav;regreg;38.46;40.79;2.325333333333333;25.0
81;MNHN-SO-2020-273_extr1_0s_05_norm.wav;../Evascape_soundfiles/bird_channel/turphi/MNHN-SO-2020-273_extr1/MNHN-SO-2020-273_extr1_0s_05_norm.wav;MNHN-SO-2020-273_extr1.wav;turphi;39.53;42.45;2.9226666666666645;64.0
82;MNHN-SO-2016-9318_full_0s_10_norm.wav;../Evascape_soundfiles/bird_channel/perate/MNHN-SO-2016-9318_full/MNHN-SO-2016-9318_full_0s_10_norm.wav;MNHN-SO-2016-9318_full.wav;perate;40.08;41.76;1.674666666666667;18.0
83;MNHN-SO-2016-11237_extr_0s_02_norm.wav;../Evascape_soundfiles/bird_channel/regreg/MNHN-SO-2016-11237_extr/MNHN-SO-2016-11237_extr_0s_02_norm.wav;MNHN-SO-2016-11237_extr.wav;regreg;39.73;42.25;2.5279999999999987;77.0
84;MNHN-SO-2016-11215_extr_ext_0s_06_norm.wav;../Evascape_soundfiles/bird_channel/regreg/MNHN-SO-2016-11215_extr_ext/MNHN-SO-2016-11215_extr_ext_0s_06_norm.wav;MNHN-SO-2016-11215_extr_ext.wav;regreg;38.09;40.81;2.719999999999999;56.0
85;MNHN-SO-2016-13892_extr_0s_08_norm.wav;../Evascape_soundfiles/bird_channel/turphi/MNHN-SO-2016-13892_extr/MNHN-SO-2016-13892_extr_0s_08_norm.wav;MNHN-SO-2016-13892_extr.wav;turphi;42.23;44.43;2.2079999999999984;17.0
86;MNHN-SO-2016-13891_extr_0s_03_norm.wav;../Evascape_soundfiles/bird_channel/turphi/MNHN-SO-2016-13891_extr/MNHN-SO-2016-13891_extr_0s_03_norm.wav;MNHN-SO-2016-13891_extr.wav;turphi;43.39;44.65;1.2586666666666702;65.0
87;MNHN-SO-2016-11214_full_0s_01_norm.wav;../Evascape_soundfiles/bird_channel/regreg/MNHN-SO-2016-11214_full/MNHN-SO-2016-11214_full_0s_01_norm.wav;MNHN-SO-2016-11214_full.wav;regreg;40.34;43.76;3.4239999999999995;41.0
88;MNHN-SO-2016-9349_extr_0s_11_norm.wav;../Evascape_soundfiles/bird_channel/perate/MNHN-SO-2016-9349_extr/MNHN-SO-2016-9349_extr_0s_11_norm.wav;MNHN-SO-2016-9349_extr.wav;perate;45.71;46.83;1.1200000000000043;48.0
89;MNHN-SO-2016-9313_full_0s_08_norm.wav;../Evascape_soundfiles/bird_channel/perate/MNHN-SO-2016-9313_full/MNHN-SO-2016-9313_full_0s_08_norm.wav;MNHN-SO-2016-9313_full.wav;perate;41.79;43.02;1.2266666666666666;29.0
90;MNHN-SO-2016-9318_full_0s_06_norm.wav;../Evascape_soundfiles/bird_channel/perate/MNHN-SO-2016-9318_full/MNHN-SO-2016-9318_full_0s_06_norm.wav;MNHN-SO-2016-9318_full.wav;perate;45.16;46.84;1.674666666666667;18.0
91;MNHN-SO-2020-273_extr1_0s_08_norm.wav;../Evascape_soundfiles/bird_channel/turphi/MNHN-SO-2020-273_extr1/MNHN-SO-2020-273_extr1_0s_08_norm.wav;MNHN-SO-2020-273_extr1.wav;turphi;44.45;47.99;3.541333333333327;64.0
92;MNHN-SO-2016-11232_full_0s_00_norm.wav;../Evascape_soundfiles/bird_channel/regreg/MNHN-SO-2016-11232_full/MNHN-SO-2016-11232_full_0s_00_norm.wav;MNHN-SO-2016-11232_full.wav;regreg;43.31;45.87;2.5600000000000023;25.0
93;MNHN-SO-2016-11215_extr_ext_0s_01_norm.wav;../Evascape_soundfiles/bird_channel/regreg/MNHN-SO-2016-11215_extr_ext/MNHN-SO-2016-11215_extr_ext_0s_01_norm.wav;MNHN-SO-2016-11215_extr_ext.wav;regreg;45.99;48.78;2.7946666666666644;56.0
94;MNHN-SO-2016-9313_full_0s_02_norm.wav;../Evascape_soundfiles/bird_channel/perate/MNHN-SO-2016-9313_full/MNHN-SO-2016-9313_full_0s_02_norm.wav;MNHN-SO-2016-9313_full.wav;perate;47.26;48.12;0.8640000000000008;29.0
95;MNHN-SO-2016-11237_extr_0s_03_norm.wav;../Evascape_soundfiles/bird_channel/regreg/MNHN-SO-2016-11237_extr/MNHN-SO-2016-11237_extr_0s_03_norm.wav;MNHN-SO-2016-11237_extr.wav;regreg;45.08;47.36;2.282666666666664;77.0
96;MNHN-SO-2016-13892_extr_0s_10_norm.wav;../Evascape_soundfiles/bird_channel/turphi/MNHN-SO-2016-13892_extr/MNHN-SO-2016-13892_extr_0s_10_norm.wav;MNHN-SO-2016-13892_extr.wav;turphi;47.86;48.96;1.109333333333332;17.0
97;MNHN-SO-2016-13891_extr_0s_04_norm.wav;../Evascape_soundfiles/bird_channel/turphi/MNHN-SO-2016-13891_extr/MNHN-SO-2016-13891_extr_0s_04_norm.wav;MNHN-SO-2016-13891_extr.wav;turphi;48.29;50.83;2.538666666666668;65.0
98;MNHN-SO-2016-11214_full_0s_02_norm.wav;../Evascape_soundfiles/bird_channel/regreg/MNHN-SO-2016-11214_full/MNHN-SO-2016-11214_full_0s_02_norm.wav;MNHN-SO-2016-11214_full.wav;regreg;46.78;50.02;3.232;41.0
99;MNHN-SO-2020-271_extr_0s_06_norm.wav;../Evascape_soundfiles/bird_channel/turphi/MNHN-SO-2020-271_extr/MNHN-SO-2020-271_extr_0s_06_norm.wav;MNHN-SO-2020-271_extr.wav;turphi;48.99;50.39;1.408;30.0
100;MNHN-SO-2016-9349_extr_0s_02_norm.wav;../Evascape_soundfiles/bird_channel/perate/MNHN-SO-2016-9349_extr/MNHN-SO-2016-9349_extr_0s_02_norm.wav;MNHN-SO-2016-9349_extr.wav;perate;49.07;50.74;1.6746666666666634;48.0
101;MNHN-SO-2016-9318_full_0s_04_norm.wav;../Evascape_soundfiles/bird_channel/perate/MNHN-SO-2016-9318_full/MNHN-SO-2016-9318_full_0s_04_norm.wav;MNHN-SO-2016-9318_full.wav;perate;49.28;51.78;2.496;18.0
102;MNHN-SO-2016-9313_full_0s_07_norm.wav;../Evascape_soundfiles/bird_channel/perate/MNHN-SO-2016-9313_full/MNHN-SO-2016-9313_full_0s_07_norm.wav;MNHN-SO-2016-9313_full.wav;perate;51.37;52.55;1.1733333333333336;29.0
103;MNHN-SO-2016-13892_extr_0s_04_norm.wav;../Evascape_soundfiles/bird_channel/turphi/MNHN-SO-2016-13892_extr/MNHN-SO-2016-13892_extr_0s_04_norm.wav;MNHN-SO-2016-13892_extr.wav;turphi;52.72;53.98;1.258666666666663;17.0
104;MNHN-SO-2016-11237_extr_0s_05_norm.wav;../Evascape_soundfiles/bird_channel/regreg/MNHN-SO-2016-11237_extr/MNHN-SO-2016-11237_extr_0s_05_norm.wav;MNHN-SO-2016-11237_extr.wav;regreg;50.92;53.88;2.954666666666668;77.0
105;MNHN-SO-2020-271_extr_0s_01_norm.wav;../Evascape_soundfiles/bird_channel/turphi/MNHN-SO-2020-271_extr/MNHN-SO-2020-271_extr_0s_01_norm.wav;MNHN-SO-2020-271_extr.wav;turphi;53.13;55.11;1.9733333333333327;30.0
106;MNHN-SO-2016-11215_extr_ext_0s_04_norm.wav;../Evascape_soundfiles/bird_channel/regreg/MNHN-SO-2016-11215_extr_ext/MNHN-SO-2016-11215_extr_ext_0s_04_norm.wav;MNHN-SO-2016-11215_extr_ext.wav;regreg;53.53;56.89;3.360000000000003;56.0
107;MNHN-SO-2016-9349_extr_0s_03_norm.wav;../Evascape_soundfiles/bird_channel/perate/MNHN-SO-2016-9349_extr/MNHN-SO-2016-9349_extr_0s_03_norm.wav;MNHN-SO-2016-9349_extr.wav;perate;52.48;55.66;3.1786666666666665;48.0
108;MNHN-SO-2016-13891_extr_0s_06_norm.wav;../Evascape_soundfiles/bird_channel/turphi/MNHN-SO-2016-13891_extr/MNHN-SO-2016-13891_extr_0s_06_norm.wav;MNHN-SO-2016-13891_extr.wav;turphi;56.08;62.2;6.122666666666667;65.0
109;MNHN-SO-2016-9318_full_0s_09_norm.wav;../Evascape_soundfiles/bird_channel/perate/MNHN-SO-2016-9318_full/MNHN-SO-2016-9318_full_0s_09_norm.wav;MNHN-SO-2016-9318_full.wav;perate;54.92;56.18;1.258666666666663;18.0
110;MNHN-SO-2016-9313_full_0s_04_norm.wav;../Evascape_soundfiles/bird_channel/perate/MNHN-SO-2016-9313_full/MNHN-SO-2016-9313_full_0s_04_norm.wav;MNHN-SO-2016-9313_full.wav;perate;55.71;57.65;1.9306666666666672;29.0
111;MNHN-SO-2016-13892_extr_0s_00_norm.wav;../Evascape_soundfiles/bird_channel/turphi/MNHN-SO-2016-13892_extr/MNHN-SO-2016-13892_extr_0s_00_norm.wav;MNHN-SO-2016-13892_extr.wav;turphi;56.54;58.96;2.4106666666666667;17.0
112;MNHN-SO-2016-9349_extr_0s_05_norm.wav;../Evascape_soundfiles/bird_channel/perate/MNHN-SO-2016-9349_extr/MNHN-SO-2016-9349_extr_0s_05_norm.wav;MNHN-SO-2016-9349_extr.wav;perate;61.27;63.76;2.485333333333333;48.0
113;MNHN-SO-2016-11237_extr_0s_08_norm.wav;../Evascape_soundfiles/bird_channel/regreg/MNHN-SO-2016-11237_extr/MNHN-SO-2016-11237_extr_0s_08_norm.wav;MNHN-SO-2016-11237_extr.wav;regreg;59.39;60.52;1.13066666666667;77.0
114;MNHN-SO-2016-9318_full_0s_05_norm.wav;../Evascape_soundfiles/bird_channel/perate/MNHN-SO-2016-9318_full/MNHN-SO-2016-9318_full_0s_05_norm.wav;MNHN-SO-2016-9318_full.wav;perate;59.15;61.91;2.762666666666667;18.0
115;MNHN-SO-2016-9313_full_0s_10_norm.wav;../Evascape_soundfiles/bird_channel/perate/MNHN-SO-2016-9313_full/MNHN-SO-2016-9313_full_0s_10_norm.wav;MNHN-SO-2016-9313_full.wav;perate;59.24;61.11;1.8666666666666671;29.0
116;MNHN-SO-2016-9318_full_0s_07_norm.wav;../Evascape_soundfiles/bird_channel/perate/MNHN-SO-2016-9318_full/MNHN-SO-2016-9318_full_0s_07_norm.wav;MNHN-SO-2016-9318_full.wav;perate;64.49;66.15;1.6640000000000017;18.0
117;MNHN-SO-2016-13891_extr_0s_10_norm.wav;../Evascape_soundfiles/bird_channel/turphi/MNHN-SO-2016-13891_extr/MNHN-SO-2016-13891_extr_0s_10_norm.wav;MNHN-SO-2016-13891_extr.wav;turphi;64.39;65.51;1.1200000000000043;65.0
118;MNHN-SO-2016-9318_full_0s_02_norm.wav;../Evascape_soundfiles/bird_channel/perate/MNHN-SO-2016-9318_full/MNHN-SO-2016-9318_full_0s_02_norm.wav;MNHN-SO-2016-9318_full.wav;perate;68.11;69.43;1.3226666666666669;18.0
119;S4A04430_20190728_051500.wav;../Evascape_soundfiles/background_channel/rain_pw03/S4A04430_20190728_051500_norm.wav;;;;;;
